Pitch (MIDI);Time (s);Intensity;Time Diff (s);Intensity_change;Pitch_change_umbrale
64;0;0.08992257;;;
64;0.019449711;0.11674716;0.019449711;1.298307684;SAME PITCH
64;0.049377203;0.108334534;0.029927492;0.927941442;SAME PITCH
64;0.069761992;0.07676671;0.020384789;0.708607912;SAME PITCH
64;0.08998251;0.055141985;0.020220518;0.718306005;SAME PITCH
64;0.110005856;0.053444553;0.020023346;0.969217062;SAME PITCH
64;0.139300346;0.05448489;0.029294491;1.019465685;SAME PITCH
76;4.669990063;0.09019312;4.530689716;1.655378699;SAME PITCH
76;4.68893981;0.19362625;0.018949747;2.146796227;NEW PITCH
64;4.70619607;0.21933188;0.01725626;1.132758975;SAME PITCH
64;4.73913765;0.2068078;0.03294158;0.942898989;SAME PITCH
64;4.758882284;0.16407304;0.019744635;0.793359995;SAME PITCH
45;4.779093266;0.14096461;0.020210981;0.859157681;SAME PITCH
45;4.809349775;0.15448052;0.03025651;1.095881581;SAME PITCH
45;4.83015132;0.14168417;0.020801544;0.917165339;SAME PITCH
45;4.850403547;0.11542748;0.020252228;0.81468153;SAME PITCH
45;4.879942656;0.09846086;0.029539108;0.853010595;SAME PITCH
45;4.899849892;0.095516555;0.019907236;0.970096707;SAME PITCH
36;4.919970512;0.081606515;0.020120621;0.854370356;SAME PITCH
36;4.940140247;0.065593824;0.020169735;0.803781688;SAME PITCH
36;4.969822884;0.060981955;0.029682636;0.92969048;SAME PITCH
62;5.198291063;0.07300313;0.22846818;1.197126746;SAME PITCH
62;5.218277931;0.07249438;0.019986868;0.993031144;SAME PITCH
62;5.245723009;0.06617069;0.027445078;0.912769973;SAME PITCH
62;5.26855278;0.060843013;0.022829771;0.919485807;SAME PITCH
62;5.285274267;0.084664695;0.016721487;1.391526937;SAME PITCH
62;5.319096327;0.07080007;0.03382206;0.836240828;SAME PITCH
62;5.339218855;0.06515552;0.020122528;0.920274794;SAME PITCH
62;5.358963013;0.060989372;0.019744158;0.936058402;SAME PITCH
62;5.389395475;0.05731089;0.030432463;0.939686537;SAME PITCH
62;5.408341646;0.05583174;0.018946171;0.974190772;SAME PITCH
62;5.458376646;0.05097062;0.050035;0.912932694;SAME PITCH
62;5.690424442;0.053643446;0.232047796;1.052438498;SAME PITCH
60;5.708248615;0.09182368;0.017824173;1.711740971;SAME PITCH
60;5.728938341;0.10473751;0.020689726;1.140637279;SAME PITCH
60;5.758225679;0.09339851;0.029287338;0.891738892;SAME PITCH
60;5.77899313;0.093340665;0.02076745;0.999380648;SAME PITCH
60;5.799068928;0.09026953;0.020075798;0.967097521;SAME PITCH
60;5.829056978;0.084779136;0.02998805;0.939177811;SAME PITCH
60;5.849633217;0.07766704;0.020576239;0.916110337;SAME PITCH
60;5.869068146;0.067908876;0.019434929;0.874358952;SAME PITCH
60;5.89902997;0.062352054;0.029961824;0.918172359;SAME PITCH
60;5.918725729;0.054682583;0.019695759;0.876997292;SAME PITCH
60;5.939376831;0.051445782;0.020651102;0.940807462;SAME PITCH
48;6.220223904;0.07766478;0.280847073;1.509643197;SAME PITCH
57;6.248786449;0.16249175;0.028562546;2.092219353;NEW PITCH
57;6.269142151;0.1354517;0.020355701;0.833591223;SAME PITCH
57;6.288852692;0.13210689;0.019710541;0.975306213;SAME PITCH
57;6.309166193;0.14596592;0.020313501;1.104907751;SAME PITCH
57;6.339470625;0.16227648;0.030304432;1.111742258;SAME PITCH
57;6.358160734;0.17176376;0.018690109;1.058463693;SAME PITCH
57;6.379849434;0.17573076;0.0216887;1.023095727;SAME PITCH
57;6.408985853;0.17258784;0.029136419;0.982115149;SAME PITCH
57;6.429847956;0.17894962;0.020862103;1.036861181;SAME PITCH
57;6.449050665;0.16874944;0.019202709;0.942999661;SAME PITCH
57;6.478824854;0.15961461;0.029774189;0.945867479;SAME PITCH
57;6.498818398;0.14776042;0.019993544;0.925732434;SAME PITCH
57;6.518893242;0.14050427;0.020074844;0.950892448;SAME PITCH
57;6.548621893;0.13094653;0.029728651;0.931975484;SAME PITCH
57;6.568749189;0.13129768;0.020127296;1.002681613;SAME PITCH
57;6.588827133;0.123654686;0.020077944;0.941788852;SAME PITCH
57;6.61914897;0.11912172;0.030321836;0.963341773;SAME PITCH
57;6.639489651;0.11325754;0.020340681;0.950771511;SAME PITCH
57;6.658220291;0.1062703;0.01873064;0.93830657;SAME PITCH
57;6.688439369;0.1016159;0.030219078;0.956202269;SAME PITCH
57;6.708084583;0.09800644;0.019645214;0.964479387;SAME PITCH
57;6.73009634;0.09640634;0.022011757;0.983673513;SAME PITCH
57;6.75924015;0.09453032;0.02914381;0.980540514;SAME PITCH
57;6.779042482;0.09295707;0.019802332;0.983357191;SAME PITCH
57;6.7988801;0.08712019;0.019837618;0.937208831;SAME PITCH
57;6.828928232;0.08712313;0.030048132;1.000033736;SAME PITCH
57;6.84932518;0.088433504;0.020396948;1.015040398;SAME PITCH
57;6.869238615;0.08307124;0.019913435;0.939363897;SAME PITCH
57;6.899231434;0.07600463;0.029992819;0.914933145;SAME PITCH
57;6.918781042;0.07523011;0.019549608;0.989809513;SAME PITCH
57;6.939264297;0.074892074;0.020483255;0.995506704;SAME PITCH
57;6.958179712;0.07271176;0.018915415;0.970887244;SAME PITCH
57;6.988936424;0.068972416;0.030756712;0.948573053;SAME PITCH
57;7.008822441;0.06377393;0.019886017;0.924629509;SAME PITCH
57;7.029317379;0.05977943;0.020494938;0.937364697;SAME PITCH
57;7.058144808;0.05833599;0.028827429;0.97585386;SAME PITCH
57;7.079736471;0.059341274;0.021591663;1.017232656;SAME PITCH
57;7.099159479;0.054191854;0.019423008;0.913223624;SAME PITCH
57;7.129408836;0.051748294;0.030249357;0.954909086;SAME PITCH
57;7.149410009;0.050290294;0.020001173;0.971825123;SAME PITCH
57;7.889049053;0.05277101;0.739639044;1.04932797;SAME PITCH
57;7.919969559;0.06716391;0.030920506;1.27274251;SAME PITCH
57;7.938883543;0.07390275;0.018913984;1.100334287;SAME PITCH
57;7.958013773;0.07594168;0.01913023;1.02758944;SAME PITCH
57;7.989137411;0.075510725;0.031123638;0.994325161;SAME PITCH
57;8.010136604;0.08482881;0.020999193;1.123400807;SAME PITCH
57;8.028860569;0.07793494;0.018723965;0.918732047;SAME PITCH
57;8.058037996;0.06199265;0.029177427;0.795440972;SAME PITCH
57;8.328809738;0.058051478;0.270771742;0.936425209;SAME PITCH
57;8.357891798;0.116134636;0.02908206;2.00054574;NEW PITCH
57;8.379077673;0.07650546;0.021185875;0.658765197;SAME PITCH
57;8.399053097;0.08651196;0.019975424;1.130794644;SAME PITCH
57;8.428779364;0.1150577;0.029726267;1.32996285;SAME PITCH
57;8.448791742;0.1379731;0.020012379;1.199164391;SAME PITCH
57;8.468635082;0.13920736;0.01984334;1.008945704;SAME PITCH
57;8.499355078;0.1370405;0.030719995;0.984434247;SAME PITCH
57;8.519151449;0.15041286;0.019796371;1.097579598;SAME PITCH
57;8.538889647;0.14405791;0.019738197;0.957750022;SAME PITCH
57;8.569124222;0.13743407;0.030234575;0.954019547;SAME PITCH
57;8.589307308;0.13350023;0.020183086;0.971376598;SAME PITCH
57;8.609176874;0.12565915;0.019869566;0.941265404;SAME PITCH
57;8.638953209;0.11945929;0.029776335;0.950661242;SAME PITCH
57;8.659342051;0.11170701;0.020388842;0.935105264;SAME PITCH
57;8.679335594;0.111863635;0.019993544;1.00140214;SAME PITCH
57;8.709065437;0.11326825;0.029729843;1.012556434;SAME PITCH
57;8.729018927;0.10693717;0.019953489;0.944105446;SAME PITCH
57;8.746489048;0.10477517;0.017470121;0.979782522;SAME PITCH
57;8.77895093;0.1036412;0.032461882;0.989177108;SAME PITCH
57;8.799139023;0.19238305;0.020188093;1.856241107;SAME PITCH
46;8.818871737;0.20806727;0.019732714;1.081526041;SAME PITCH
65;8.84937501;0.19887143;0.030503273;0.955803573;SAME PITCH
65;8.871088505;0.19711965;0.021713495;0.991191387;SAME PITCH
65;8.888978004;0.19508836;0.0178895;0.989695132;SAME PITCH
46;8.918974876;0.20249793;0.029996872;1.037980556;SAME PITCH
46;8.938771725;0.19916981;0.019796848;0.983564675;SAME PITCH
46;8.959065199;0.20831332;0.020293474;1.045908093;SAME PITCH
46;8.979198217;0.2193987;0.020133018;1.053215027;SAME PITCH
46;9.007812738;0.21084994;0.028614521;0.96103549;SAME PITCH
46;9.029173136;0.21042143;0.021360397;0.99796766;SAME PITCH
46;9.049401045;0.21563506;0.020227909;1.024777055;SAME PITCH
46;9.079446793;0.20806128;0.030045748;0.964876831;SAME PITCH
46;9.098799229;0.20813818;0.019352436;1.000369668;SAME PITCH
46;9.119228125;0.20076163;0.020428896;0.964559376;SAME PITCH
46;9.149019718;0.19348934;0.029791594;0.963776529;SAME PITCH
46;9.168893814;0.18574129;0.019874096;0.959956169;SAME PITCH
46;9.188976288;0.17284377;0.020082474;0.9305619;SAME PITCH
46;9.218735695;0.20096862;0.029759407;1.162718415;SAME PITCH
65;9.238734007;0.20789297;0.019998312;1.034454823;SAME PITCH
64;9.258718967;0.21399213;0.019984961;1.029338002;SAME PITCH
64;9.288705826;0.21669473;0.029986858;1.01262939;SAME PITCH
64;9.307786703;0.20045011;0.019080877;0.925034523;SAME PITCH
64;9.328766823;0.18365979;0.02098012;0.916236937;SAME PITCH
64;9.359197378;0.19950964;0.030430555;1.086300015;SAME PITCH
64;9.379293919;0.19767405;0.02009654;0.990799546;SAME PITCH
64;9.398763895;0.19367406;0.019469976;0.9797647;SAME PITCH
45;9.428724289;0.1874863;0.029960394;0.968050718;SAME PITCH
45;9.448810101;0.17843124;0.020085812;0.951702774;SAME PITCH
45;9.468898535;0.1643414;0.020088434;0.921034932;SAME PITCH
45;9.498981237;0.14748603;0.030082703;0.897436857;SAME PITCH
45;9.518759251;0.13624884;0.019778013;0.923808455;SAME PITCH
45;9.538738966;0.1187573;0.019979715;0.871620595;SAME PITCH
45;9.568065882;0.1118686;0.029326916;0.941993415;SAME PITCH
45;9.588977098;0.0978598;0.020911217;0.874774516;SAME PITCH
45;9.610019684;0.086789116;0.021042585;0.886871994;SAME PITCH
45;9.639763117;0.07496703;0.029743433;0.863783717;SAME PITCH
45;9.657669067;0.07354535;0.017905951;0.981036007;SAME PITCH
45;9.678815842;0.061873216;0.021146774;0.841293335;SAME PITCH
45;9.698883772;0.076247476;0.02006793;1.232317924;SAME PITCH
45;9.728796005;0.06247806;0.029912233;0.819411516;SAME PITCH
43;9.749629736;0.075112805;0.020833731;1.202226877;SAME PITCH
43;9.768871307;0.058673274;0.019241571;0.78113544;SAME PITCH
43;9.79904294;0.05941884;0.030171633;1.012707114;SAME PITCH
59;12.32873607;0.0729442;2.529693127;1.227627516;SAME PITCH
59;12.35066414;0.052938376;0.021928072;0.725737929;SAME PITCH
59;12.37884808;0.06522974;0.028183937;1.232182622;SAME PITCH
67;13.64526606;0.097300686;1.26641798;1.49166131;SAME PITCH
67;13.67525244;0.1399686;0.029986382;1.43851614;SAME PITCH
67;13.69523954;0.14140993;0.019987106;1.010297537;SAME PITCH
67;13.71523166;0.2262008;0.019992113;1.599610448;SAME PITCH
67;13.74521303;0.20425211;0.029981375;0.902968109;SAME PITCH
67;13.76520205;0.19691165;0.019989014;0.964061737;SAME PITCH
67;13.78519297;0.17421448;0.019990921;0.884734273;SAME PITCH
67;13.80518246;0.15410727;0.019989491;0.884583592;SAME PITCH
67;13.83516622;0.13597177;0.029983759;0.882318974;SAME PITCH
67;13.85515547;0.119885586;0.019989252;0.881694674;SAME PITCH
67;13.8751452;0.115960374;0.019989729;0.967258692;SAME PITCH
67;13.9051621;0.10970613;0.030016899;0.946065724;SAME PITCH
67;13.92511654;0.090981536;0.019954443;0.829320431;SAME PITCH
67;13.94510603;0.07389648;0.019989491;0.812214077;SAME PITCH
67;13.97508979;0.06780861;0.029983759;0.917616248;SAME PITCH
67;13.99507904;0.061489843;0.019989252;0.906814635;SAME PITCH
67;14.01507115;0.055051204;0.019992113;0.895289361;SAME PITCH
67;14.04505253;0.05051642;0.029981375;0.917626083;SAME PITCH
55;14.25494266;0.06342374;0.209890127;1.25550735;SAME PITCH
67;14.27493191;0.14926656;0.019989252;2.353480816;NEW PITCH
67;14.29492164;0.15636984;0.019989729;1.047587872;SAME PITCH
67;14.32990146;0.18956387;0.03497982;1.212278962;SAME PITCH
67;14.34489489;0.2237841;0.014993429;1.180520892;SAME PITCH
67;14.36488652;0.19872579;0.019991636;0.888024628;SAME PITCH
67;14.39986348;0.17994745;0.034976959;0.905506253;SAME PITCH
67;14.41489196;0.15367328;0.015028477;0.85398972;SAME PITCH
67;14.43985009;0.13131602;0.024958134;0.85451436;SAME PITCH
67;14.45483255;0.10951395;0.014982462;0.833972514;SAME PITCH
67;14.48982644;0.09612518;0.034993887;0.877743661;SAME PITCH
67;14.5048058;0.096029244;0.014979362;0.99900198;SAME PITCH
67;14.52979493;0.08241123;0.024989128;0.858188868;SAME PITCH
67;14.55481744;0.06378015;0.025022507;0.773925483;SAME PITCH
67;14.57976723;0.053087775;0.024949789;0.832355738;SAME PITCH
67;14.85934877;0.068136744;0.279581547;1.283473372;SAME PITCH
65;14.87929487;0.109601006;0.019946098;1.608544827;SAME PITCH
65;14.9087677;0.100564726;0.029472828;0.917552948;SAME PITCH
65;14.92971182;0.097300164;0.020944118;0.967537701;SAME PITCH
65;14.9486618;0.08524815;0.018949986;0.876135707;SAME PITCH
65;14.97957873;0.07100697;0.030916929;0.832944393;SAME PITCH
65;14.99852824;0.060487233;0.018949509;0.851849258;SAME PITCH
65;15.01947212;0.055365343;0.02094388;0.915322781;SAME PITCH
65;15.04939222;0.050908025;0.029920101;0.919492662;SAME PITCH
62;15.36934137;0.1106356;0.31994915;2.173244715;NEW PITCH
62;15.38933659;0.16900007;0.019995213;1.527537942;SAME PITCH
62;15.41924047;0.21988027;0.029903889;1.30106616;SAME PITCH
62;15.43938661;0.23134378;0.020146132;1.052135229;SAME PITCH
62;15.45709252;0.2145117;0.017705917;0.92724216;SAME PITCH
62;15.48893499;0.21635997;0.03184247;1.008616209;SAME PITCH
62;15.50938559;0.21506281;0.020450592;0.994004607;SAME PITCH
62;15.53141451;0.22456996;0.022028923;1.044206381;SAME PITCH
62;15.55696177;0.22564137;0.025547266;1.004770875;SAME PITCH
62;15.58099389;0.22194818;0.024032116;0.983632445;SAME PITCH
62;15.60048699;0.22299674;0.019493103;1.004724383;SAME PITCH
62;15.6254971;0.21044764;0.025010109;0.943725169;SAME PITCH
62;15.65010571;0.20347768;0.024608612;0.966880322;SAME PITCH
62;15.66911292;0.19876768;0.019007206;0.976852477;SAME PITCH
62;15.69894767;0.17572324;0.029834747;0.884063482;SAME PITCH
62;15.71878982;0.16853996;0.019842148;0.959121585;SAME PITCH
62;15.73938203;0.16230771;0.020592213;0.963022113;SAME PITCH
62;15.76876545;0.14686503;0.029383421;0.90485549;SAME PITCH
62;15.78935671;0.13589181;0.020591259;0.92528367;SAME PITCH
62;15.80905485;0.13079512;0.019698143;0.962494493;SAME PITCH
62;15.82926893;0.12838936;0.020214081;0.981606662;SAME PITCH
62;15.86027718;0.12623966;0.031008244;0.9832564;SAME PITCH
62;15.87907362;0.11670212;0.018796444;0.924448907;SAME PITCH
62;15.89914393;0.15586318;0.020070314;1.335564256;SAME PITCH
63;15.92923069;0.21002744;0.030086756;1.34751153;SAME PITCH
64;15.94871187;0.18837367;0.019481182;0.896900296;SAME PITCH
64;15.96888781;0.1683124;0.020175934;0.893502772;SAME PITCH
64;15.99911666;0.1282578;0.030228853;0.762022257;SAME PITCH
64;16.01899123;0.10343795;0.019874573;0.806484699;SAME PITCH
64;16.03906751;0.10544684;0.020076275;1.01942122;SAME PITCH
64;16.06939554;0.10524313;0.030328035;0.998068154;SAME PITCH
64;16.08867645;0.08909268;0.01928091;0.846541524;SAME PITCH
64;16.10688376;0.07793248;0.018207312;0.874734938;SAME PITCH
64;16.14024973;0.07447702;0.033365965;0.95566082;SAME PITCH
64;16.1587913;0.06549676;0.018541574;0.879422426;SAME PITCH
64;16.17870092;0.056712158;0.01990962;0.86587733;SAME PITCH
64;16.20528126;0.053414017;0.026580334;0.941844225;SAME PITCH
